10,264
10,200
10,242
10,24
10,116
10,298
10,150
11,12
11,22
11,14
8,13
8,18
232,5
232,4
232,3
232,1
221,5
221,4
221,3
221,1
218,3
218,1
217,6
217,5
217,4
217,3
217,1
215,4
215,3
215,1
20,3
20,2
20,1
19,3
19,2
19,1
12,3
12,2
12,1
11,28
11,26
11,24
11,20
11,18
11,16
11,10
11,6
11,3
11,2
11,1
10,288
10,284
10,274
10,254
10,248
10,246
10,234
10,208
10,176
10,174
18,1
10,156
18,3
10,144
10,130
14,1
10,120
14,3
10,108
13,1
10,4
10,3
13,3
10,2
10,1
9,7
9,6
9,4
9,3
9,2
9,1
8,17
8,16
8,15
8,14
8,12
8,11
8,10
8,9
8,6
8,3
8,2
8,1
3,3
3,2
3,1
2,3
2,2
2,1
0,273
0,270
0,9
0,0
236,34
236,33
236,32
236,31
236,30
236,29
